$ANSIBLE_VAULT;1.1;AES256
33333062353763386334393633333165656632393133643066373539636339613438353837383036
3631306331623661313166633862323533663130396336610a373037616261343832333839353835
63303634363737663332623937343930656638636363363637353230303735323939356462643934
6639346566363733650a306333633132313838336336303664393237343436376564643536353866
64366566653339366630333335626433333738373964653632383638383264333438623832363635
65393736303738306631303634363165336465353334393435313530306235623763386262303539
32393731336462393866613832663534363632373537633063326235626164326634313962646130
62343138303166346665343335646136336431626136393237636531396363333930363031623331
64386537656634663234373936313266373938633132373964343631363763636437633730663532
35653737396465623839393938623239636163643965386134383538613864383036613132626634
61646233333534663934393136333937326135356230313364336466656639303134316534626539
34333364653339303531623033333434626135393432366237353664366535653039356534396162
35383939633735666232373134653536643232373038343437356633353737633531343435353564
39366636336363376637343166386366623965343535373932303632643662663736303634623266
663262353839303562363138643466383835
